Linux 6.14.0-29-generic (armiqu-VirtualBox) 	30.10.2025 	_x86_64_	(4 CPU)

avg-cpu:  %user   %nice %system %iowait  %steal   %idle
           0,73    0,00    1,42    0,27    0,00   97,58

Device            r/s     rkB/s   rrqm/s  %rrqm r_await rareq-sz     w/s     wkB/s   wrqm/s  %wrqm w_await wareq-sz     d/s     dkB/s   drqm/s  %drqm d_await dareq-sz     f/s f_await  aqu-sz  %util
loop0            0,17      2,60     0,00   0,00    0,56    15,22    0,00      0,00     0,00   0,00    0,00     0,00    0,00      0,00     0,00   0,00    0,00     0,00    0,00    0,00    0,00   0,01
loop1            0,02      0,30     0,00   0,00    1,54    19,05    0,00      0,00     0,00   0,00    0,00     0,00    0,00      0,00     0,00   0,00    0,00     0,00    0,00    0,00    0,00   0,00
loop10           0,78      3,41     0,00   0,00    0,15     4,36    0,00      0,00     0,00   0,00    0,00     0,00    0,00      0,00     0,00   0,00    0,00     0,00    0,00    0,00    0,00   0,02
loop11           0,03      0,57     0,00   0,00    0,90    22,68    0,00      0,00     0,00   0,00    0,00     0,00    0,00      0,00     0,00   0,00    0,00     0,00    0,00    0,00    0,00   0,00
loop12           0,01      0,10     0,00   0,00    1,14     7,98    0,00      0,00     0,00   0,00    0,00     0,00    0,00      0,00     0,00   0,00    0,00     0,00    0,00    0,00    0,00   0,00
loop13           0,30     10,88     0,00   0,00    0,81    35,93    0,00      0,00     0,00   0,00    0,00     0,00    0,00      0,00     0,00   0,00    0,00     0,00    0,00    0,00    0,00   0,04
loop14           0,01      0,10     0,00   0,00    1,19     7,96    0,00      0,00     0,00   0,00    0,00     0,00    0,00      0,00     0,00   0,00    0,00     0,00    0,00    0,00    0,00   0,00
loop15           0,01      0,15     0,00   0,00    0,72    10,90    0,00      0,00     0,00   0,00    0,00     0,00    0,00      0,00     0,00   0,00    0,00     0,00    0,00    0,00    0,00   0,00
loop16           0,01      0,02     0,00   0,00    1,29     2,76    0,00      0,00     0,00   0,00    0,00     0,00    0,00      0,00     0,00   0,00    0,00     0,00    0,00    0,00    0,00   0,00
loop17           0,02      0,32     0,00   0,00    0,09    13,84    0,00      0,00     0,00   0,00    0,00     0,00    0,00      0,00     0,00   0,00    0,00     0,00    0,00    0,00    0,00   0,00
loop2            0,00      0,00     0,00   0,00    0,64     1,21    0,00      0,00     0,00   0,00    0,00     0,00    0,00      0,00     0,00   0,00    0,00     0,00    0,00    0,00    0,00   0,00
loop3            0,01      0,10     0,00   0,00    1,11     8,00    0,00      0,00     0,00   0,00    0,00     0,00    0,00      0,00     0,00   0,00    0,00     0,00    0,00    0,00    0,00   0,00
loop4            0,39     20,72     0,00   0,00    0,85    52,60    0,00      0,00     0,00   0,00    0,00     0,00    0,00      0,00     0,00   0,00    0,00     0,00    0,00    0,00    0,00   0,04
loop5            0,02      0,30     0,00   0,00    1,34    17,92    0,00      0,00     0,00   0,00    0,00     0,00    0,00      0,00     0,00   0,00    0,00     0,00    0,00    0,00    0,00   0,00
loop6            0,01      0,11     0,00   0,00    1,17     8,43    0,00      0,00     0,00   0,00    0,00     0,00    0,00      0,00     0,00   0,00    0,00     0,00    0,00    0,00    0,00   0,00
loop7            0,03      0,71     0,00   0,00    0,79    26,82    0,00      0,00     0,00   0,00    0,00     0,00    0,00      0,00     0,00   0,00    0,00     0,00    0,00    0,00    0,00   0,00
loop8            0,01      0,10     0,00   0,00    1,05     8,00    0,00      0,00     0,00   0,00    0,00     0,00    0,00      0,00     0,00   0,00    0,00     0,00    0,00    0,00    0,00   0,00
loop9            1,10     21,93     0,00   0,00    0,46    20,03    0,00      0,00     0,00   0,00    0,00     0,00    0,00      0,00     0,00   0,00    0,00     0,00    0,00    0,00    0,00   0,06
sda             11,81   2798,35     1,99  14,41    1,08   237,01    7,72   5198,28     5,38  41,06   16,27   673,07    0,00      0,00     0,00   0,00    0,00     0,00    0,55    2,92    0,14   1,32
sr0              0,01      0,04     0,00   0,00    0,55     3,55    0,00      0,00     0,00   0,00    0,00     0,00    0,00      0,00     0,00   0,00    0,00     0,00    0,00    0,00    0,00   0,00


avg-cpu:  %user   %nice %system %iowait  %steal   %idle
          14,79    0,00   39,55    9,32    0,00   36,33

Device            r/s     rkB/s   rrqm/s  %rrqm r_await rareq-sz     w/s     wkB/s   wrqm/s  %wrqm w_await wareq-sz     d/s     dkB/s   drqm/s  %drqm d_await dareq-sz     f/s f_await  aqu-sz  %util
loop0            0,00      0,00     0,00   0,00    0,00     0,00    0,00      0,00     0,00   0,00    0,00     0,00    0,00      0,00     0,00   0,00    0,00     0,00    0,00    0,00    0,00   0,00
loop1            0,00      0,00     0,00   0,00    0,00     0,00    0,00      0,00     0,00   0,00    0,00     0,00    0,00      0,00     0,00   0,00    0,00     0,00    0,00    0,00    0,00   0,00
loop10           0,00      0,00     0,00   0,00    0,00     0,00    0,00      0,00     0,00   0,00    0,00     0,00    0,00      0,00     0,00   0,00    0,00     0,00    0,00    0,00    0,00   0,00
loop11           0,00      0,00     0,00   0,00    0,00     0,00    0,00      0,00     0,00   0,00    0,00     0,00    0,00      0,00     0,00   0,00    0,00     0,00    0,00    0,00    0,00   0,00
loop12           0,00      0,00     0,00   0,00    0,00     0,00    0,00      0,00     0,00   0,00    0,00     0,00    0,00      0,00     0,00   0,00    0,00     0,00    0,00    0,00    0,00   0,00
loop13           0,00      0,00     0,00   0,00    0,00     0,00    0,00      0,00     0,00   0,00    0,00     0,00    0,00      0,00     0,00   0,00    0,00     0,00    0,00    0,00    0,00   0,00
loop14           0,00      0,00     0,00   0,00    0,00     0,00    0,00      0,00     0,00   0,00    0,00     0,00    0,00      0,00     0,00   0,00    0,00     0,00    0,00    0,00    0,00   0,00
loop15           0,00      0,00     0,00   0,00    0,00     0,00    0,00      0,00     0,00   0,00    0,00     0,00    0,00      0,00     0,00   0,00    0,00     0,00    0,00    0,00    0,00   0,00
loop16           0,00      0,00     0,00   0,00    0,00     0,00    0,00      0,00     0,00   0,00    0,00     0,00    0,00      0,00     0,00   0,00    0,00     0,00    0,00    0,00    0,00   0,00
loop17           0,00      0,00     0,00   0,00    0,00     0,00    0,00      0,00     0,00   0,00    0,00     0,00    0,00      0,00     0,00   0,00    0,00     0,00    0,00    0,00    0,00   0,00
loop2            0,00      0,00     0,00   0,00    0,00     0,00    0,00      0,00     0,00   0,00    0,00     0,00    0,00      0,00     0,00   0,00    0,00     0,00    0,00    0,00    0,00   0,00
loop3            0,00      0,00     0,00   0,00    0,00     0,00    0,00      0,00     0,00   0,00    0,00     0,00    0,00      0,00     0,00   0,00    0,00     0,00    0,00    0,00    0,00   0,00
loop4            0,00      0,00     0,00   0,00    0,00     0,00    0,00      0,00     0,00   0,00    0,00     0,00    0,00      0,00     0,00   0,00    0,00     0,00    0,00    0,00    0,00   0,00
loop5            0,00      0,00     0,00   0,00    0,00     0,00    0,00      0,00     0,00   0,00    0,00     0,00    0,00      0,00     0,00   0,00    0,00     0,00    0,00    0,00    0,00   0,00
loop6            0,00      0,00     0,00   0,00    0,00     0,00    0,00      0,00     0,00   0,00    0,00     0,00    0,00      0,00     0,00   0,00    0,00     0,00    0,00    0,00    0,00   0,00
loop7            0,00      0,00     0,00   0,00    0,00     0,00    0,00      0,00     0,00   0,00    0,00     0,00    0,00      0,00     0,00   0,00    0,00     0,00    0,00    0,00    0,00   0,00
loop8            0,00      0,00     0,00   0,00    0,00     0,00    0,00      0,00     0,00   0,00    0,00     0,00    0,00      0,00     0,00   0,00    0,00     0,00    0,00    0,00    0,00   0,00
loop9            0,00      0,00     0,00   0,00    0,00     0,00    0,00      0,00     0,00   0,00    0,00     0,00    0,00      0,00     0,00   0,00    0,00     0,00    0,00    0,00    0,00   0,00
sda            723,00 559516,00     0,00   0,00    2,37   773,88    0,00      0,00     0,00   0,00    0,00     0,00    0,00      0,00     0,00   0,00    0,00     0,00    0,00    0,00    1,71  65,50
sr0              0,00      0,00     0,00   0,00    0,00     0,00    0,00      0,00     0,00   0,00    0,00     0,00    0,00      0,00     0,00   0,00    0,00     0,00    0,00    0,00    0,00   0,00


avg-cpu:  %user   %nice %system %iowait  %steal   %idle
           6,60    0,00   33,33    8,18    0,00   51,89

Device            r/s     rkB/s   rrqm/s  %rrqm r_await rareq-sz     w/s     wkB/s   wrqm/s  %wrqm w_await wareq-sz     d/s     dkB/s   drqm/s  %drqm d_await dareq-sz     f/s f_await  aqu-sz  %util
loop0            0,00      0,00     0,00   0,00    0,00     0,00    0,00      0,00     0,00   0,00    0,00     0,00    0,00      0,00     0,00   0,00    0,00     0,00    0,00    0,00    0,00   0,00
loop1            0,00      0,00     0,00   0,00    0,00     0,00    0,00      0,00     0,00   0,00    0,00     0,00    0,00      0,00     0,00   0,00    0,00     0,00    0,00    0,00    0,00   0,00
loop10           0,00      0,00     0,00   0,00    0,00     0,00    0,00      0,00     0,00   0,00    0,00     0,00    0,00      0,00     0,00   0,00    0,00     0,00    0,00    0,00    0,00   0,00
loop11           0,00      0,00     0,00   0,00    0,00     0,00    0,00      0,00     0,00   0,00    0,00     0,00    0,00      0,00     0,00   0,00    0,00     0,00    0,00    0,00    0,00   0,00
loop12           0,00      0,00     0,00   0,00    0,00     0,00    0,00      0,00     0,00   0,00    0,00     0,00    0,00      0,00     0,00   0,00    0,00     0,00    0,00    0,00    0,00   0,00
loop13           0,00      0,00     0,00   0,00    0,00     0,00    0,00      0,00     0,00   0,00    0,00     0,00    0,00      0,00     0,00   0,00    0,00     0,00    0,00    0,00    0,00   0,00
loop14           0,00      0,00     0,00   0,00    0,00     0,00    0,00      0,00     0,00   0,00    0,00     0,00    0,00      0,00     0,00   0,00    0,00     0,00    0,00    0,00    0,00   0,00
loop15           0,00      0,00     0,00   0,00    0,00     0,00    0,00      0,00     0,00   0,00    0,00     0,00    0,00      0,00     0,00   0,00    0,00     0,00    0,00    0,00    0,00   0,00
loop16           0,00      0,00     0,00   0,00    0,00     0,00    0,00      0,00     0,00   0,00    0,00     0,00    0,00      0,00     0,00   0,00    0,00     0,00    0,00    0,00    0,00   0,00
loop17           0,00      0,00     0,00   0,00    0,00     0,00    0,00      0,00     0,00   0,00    0,00     0,00    0,00      0,00     0,00   0,00    0,00     0,00    0,00    0,00    0,00   0,00
loop2            0,00      0,00     0,00   0,00    0,00     0,00    0,00      0,00     0,00   0,00    0,00     0,00    0,00      0,00     0,00   0,00    0,00     0,00    0,00    0,00    0,00   0,00
loop3            0,00      0,00     0,00   0,00    0,00     0,00    0,00      0,00     0,00   0,00    0,00     0,00    0,00      0,00     0,00   0,00    0,00     0,00    0,00    0,00    0,00   0,00
loop4            0,00      0,00     0,00   0,00    0,00     0,00    0,00      0,00     0,00   0,00    0,00     0,00    0,00      0,00     0,00   0,00    0,00     0,00    0,00    0,00    0,00   0,00
loop5            0,00      0,00     0,00   0,00    0,00     0,00    0,00      0,00     0,00   0,00    0,00     0,00    0,00      0,00     0,00   0,00    0,00     0,00    0,00    0,00    0,00   0,00
loop6            0,00      0,00     0,00   0,00    0,00     0,00    0,00      0,00     0,00   0,00    0,00     0,00    0,00      0,00     0,00   0,00    0,00     0,00    0,00    0,00    0,00   0,00
loop7            0,00      0,00     0,00   0,00    0,00     0,00    0,00      0,00     0,00   0,00    0,00     0,00    0,00      0,00     0,00   0,00    0,00     0,00    0,00    0,00    0,00   0,00
loop8            0,00      0,00     0,00   0,00    0,00     0,00    0,00      0,00     0,00   0,00    0,00     0,00    0,00      0,00     0,00   0,00    0,00     0,00    0,00    0,00    0,00   0,00
loop9            0,00      0,00     0,00   0,00    0,00     0,00    0,00      0,00     0,00   0,00    0,00     0,00    0,00      0,00     0,00   0,00    0,00     0,00    0,00    0,00    0,00   0,00
sda            751,00 666944,00     0,00   0,00    2,09   888,07    0,00      0,00     0,00   0,00    0,00     0,00    0,00      0,00     0,00   0,00    0,00     0,00    0,00    0,00    1,57  69,40
sr0              0,00      0,00     0,00   0,00    0,00     0,00    0,00      0,00     0,00   0,00    0,00     0,00    0,00      0,00     0,00   0,00    0,00     0,00    0,00    0,00    0,00   0,00


avg-cpu:  %user   %nice %system %iowait  %steal   %idle
           0,57    0,00   19,25    8,91    0,00   71,26

Device            r/s     rkB/s   rrqm/s  %rrqm r_await rareq-sz     w/s     wkB/s   wrqm/s  %wrqm w_await wareq-sz     d/s     dkB/s   drqm/s  %drqm d_await dareq-sz     f/s f_await  aqu-sz  %util
loop0            0,00      0,00     0,00   0,00    0,00     0,00    0,00      0,00     0,00   0,00    0,00     0,00    0,00      0,00     0,00   0,00    0,00     0,00    0,00    0,00    0,00   0,00
loop1            0,00      0,00     0,00   0,00    0,00     0,00    0,00      0,00     0,00   0,00    0,00     0,00    0,00      0,00     0,00   0,00    0,00     0,00    0,00    0,00    0,00   0,00
loop10           0,00      0,00     0,00   0,00    0,00     0,00    0,00      0,00     0,00   0,00    0,00     0,00    0,00      0,00     0,00   0,00    0,00     0,00    0,00    0,00    0,00   0,00
loop11           0,00      0,00     0,00   0,00    0,00     0,00    0,00      0,00     0,00   0,00    0,00     0,00    0,00      0,00     0,00   0,00    0,00     0,00    0,00    0,00    0,00   0,00
loop12           0,00      0,00     0,00   0,00    0,00     0,00    0,00      0,00     0,00   0,00    0,00     0,00    0,00      0,00     0,00   0,00    0,00     0,00    0,00    0,00    0,00   0,00
loop13           0,00      0,00     0,00   0,00    0,00     0,00    0,00      0,00     0,00   0,00    0,00     0,00    0,00      0,00     0,00   0,00    0,00     0,00    0,00    0,00    0,00   0,00
loop14           0,00      0,00     0,00   0,00    0,00     0,00    0,00      0,00     0,00   0,00    0,00     0,00    0,00      0,00     0,00   0,00    0,00     0,00    0,00    0,00    0,00   0,00
loop15           0,00      0,00     0,00   0,00    0,00     0,00    0,00      0,00     0,00   0,00    0,00     0,00    0,00      0,00     0,00   0,00    0,00     0,00    0,00    0,00    0,00   0,00
loop16           0,00      0,00     0,00   0,00    0,00     0,00    0,00      0,00     0,00   0,00    0,00     0,00    0,00      0,00     0,00   0,00    0,00     0,00    0,00    0,00    0,00   0,00
loop17           0,00      0,00     0,00   0,00    0,00     0,00    0,00      0,00     0,00   0,00    0,00     0,00    0,00      0,00     0,00   0,00    0,00     0,00    0,00    0,00    0,00   0,00
loop2            0,00      0,00     0,00   0,00    0,00     0,00    0,00      0,00     0,00   0,00    0,00     0,00    0,00      0,00     0,00   0,00    0,00     0,00    0,00    0,00    0,00   0,00
loop3            0,00      0,00     0,00   0,00    0,00     0,00    0,00      0,00     0,00   0,00    0,00     0,00    0,00      0,00     0,00   0,00    0,00     0,00    0,00    0,00    0,00   0,00
loop4            0,00      0,00     0,00   0,00    0,00     0,00    0,00      0,00     0,00   0,00    0,00     0,00    0,00      0,00     0,00   0,00    0,00     0,00    0,00    0,00    0,00   0,00
loop5            0,00      0,00     0,00   0,00    0,00     0,00    0,00      0,00     0,00   0,00    0,00     0,00    0,00      0,00     0,00   0,00    0,00     0,00    0,00    0,00    0,00   0,00
loop6            0,00      0,00     0,00   0,00    0,00     0,00    0,00      0,00     0,00   0,00    0,00     0,00    0,00      0,00     0,00   0,00    0,00     0,00    0,00    0,00    0,00   0,00
loop7            0,00      0,00     0,00   0,00    0,00     0,00    0,00      0,00     0,00   0,00    0,00     0,00    0,00      0,00     0,00   0,00    0,00     0,00    0,00    0,00    0,00   0,00
loop8            0,00      0,00     0,00   0,00    0,00     0,00    0,00      0,00     0,00   0,00    0,00     0,00    0,00      0,00     0,00   0,00    0,00     0,00    0,00    0,00    0,00   0,00
loop9            0,00      0,00     0,00   0,00    0,00     0,00    0,00      0,00     0,00   0,00    0,00     0,00    0,00      0,00     0,00   0,00    0,00     0,00    0,00    0,00    0,00   0,00
sda            990,00 955704,00     0,00   0,00    1,55   965,36    0,00      0,00     0,00   0,00    0,00     0,00    0,00      0,00     0,00   0,00    0,00     0,00    0,00    0,00    1,54  54,00
sr0              0,00      0,00     0,00   0,00    0,00     0,00    0,00      0,00     0,00   0,00    0,00     0,00    0,00      0,00     0,00   0,00    0,00     0,00    0,00    0,00    0,00   0,00


avg-cpu:  %user   %nice %system %iowait  %steal   %idle
           0,57    0,00   22,73    7,67    0,00   69,03

Device            r/s     rkB/s   rrqm/s  %rrqm r_await rareq-sz     w/s     wkB/s   wrqm/s  %wrqm w_await wareq-sz     d/s     dkB/s   drqm/s  %drqm d_await dareq-sz     f/s f_await  aqu-sz  %util
loop0            0,00      0,00     0,00   0,00    0,00     0,00    0,00      0,00     0,00   0,00    0,00     0,00    0,00      0,00     0,00   0,00    0,00     0,00    0,00    0,00    0,00   0,00
loop1            0,00      0,00     0,00   0,00    0,00     0,00    0,00      0,00     0,00   0,00    0,00     0,00    0,00      0,00     0,00   0,00    0,00     0,00    0,00    0,00    0,00   0,00
loop10           0,00      0,00     0,00   0,00    0,00     0,00    0,00      0,00     0,00   0,00    0,00     0,00    0,00      0,00     0,00   0,00    0,00     0,00    0,00    0,00    0,00   0,00
loop11           0,00      0,00     0,00   0,00    0,00     0,00    0,00      0,00     0,00   0,00    0,00     0,00    0,00      0,00     0,00   0,00    0,00     0,00    0,00    0,00    0,00   0,00
loop12           0,00      0,00     0,00   0,00    0,00     0,00    0,00      0,00     0,00   0,00    0,00     0,00    0,00      0,00     0,00   0,00    0,00     0,00    0,00    0,00    0,00   0,00
loop13           0,00      0,00     0,00   0,00    0,00     0,00    0,00      0,00     0,00   0,00    0,00     0,00    0,00      0,00     0,00   0,00    0,00     0,00    0,00    0,00    0,00   0,00
loop14           0,00      0,00     0,00   0,00    0,00     0,00    0,00      0,00     0,00   0,00    0,00     0,00    0,00      0,00     0,00   0,00    0,00     0,00    0,00    0,00    0,00   0,00
loop15           0,00      0,00     0,00   0,00    0,00     0,00    0,00      0,00     0,00   0,00    0,00     0,00    0,00      0,00     0,00   0,00    0,00     0,00    0,00    0,00    0,00   0,00
loop16           0,00      0,00     0,00   0,00    0,00     0,00    0,00      0,00     0,00   0,00    0,00     0,00    0,00      0,00     0,00   0,00    0,00     0,00    0,00    0,00    0,00   0,00
loop17           0,00      0,00     0,00   0,00    0,00     0,00    0,00      0,00     0,00   0,00    0,00     0,00    0,00      0,00     0,00   0,00    0,00     0,00    0,00    0,00    0,00   0,00
loop2            0,00      0,00     0,00   0,00    0,00     0,00    0,00      0,00     0,00   0,00    0,00     0,00    0,00      0,00     0,00   0,00    0,00     0,00    0,00    0,00    0,00   0,00
loop3            0,00      0,00     0,00   0,00    0,00     0,00    0,00      0,00     0,00   0,00    0,00     0,00    0,00      0,00     0,00   0,00    0,00     0,00    0,00    0,00    0,00   0,00
loop4            0,00      0,00     0,00   0,00    0,00     0,00    0,00      0,00     0,00   0,00    0,00     0,00    0,00      0,00     0,00   0,00    0,00     0,00    0,00    0,00    0,00   0,00
loop5            0,00      0,00     0,00   0,00    0,00     0,00    0,00      0,00     0,00   0,00    0,00     0,00    0,00      0,00     0,00   0,00    0,00     0,00    0,00    0,00    0,00   0,00
loop6            0,00      0,00     0,00   0,00    0,00     0,00    0,00      0,00     0,00   0,00    0,00     0,00    0,00      0,00     0,00   0,00    0,00     0,00    0,00    0,00    0,00   0,00
loop7            0,00      0,00     0,00   0,00    0,00     0,00    0,00      0,00     0,00   0,00    0,00     0,00    0,00      0,00     0,00   0,00    0,00     0,00    0,00    0,00    0,00   0,00
loop8            0,00      0,00     0,00   0,00    0,00     0,00    0,00      0,00     0,00   0,00    0,00     0,00    0,00      0,00     0,00   0,00    0,00     0,00    0,00    0,00    0,00   0,00
loop9            0,00      0,00     0,00   0,00    0,00     0,00    0,00      0,00     0,00   0,00    0,00     0,00    0,00      0,00     0,00   0,00    0,00     0,00    0,00    0,00    0,00   0,00
sda           1031,68 964114,85     0,00   0,00    1,57   934,51    0,00      0,00     0,00   0,00    0,00     0,00    0,00      0,00     0,00   0,00    0,00     0,00    0,00    0,00    1,61  64,95
sr0              0,00      0,00     0,00   0,00    0,00     0,00    0,00      0,00     0,00   0,00    0,00     0,00    0,00      0,00     0,00   0,00    0,00     0,00    0,00    0,00    0,00   0,00


avg-cpu:  %user   %nice %system %iowait  %steal   %idle
           0,86    0,00   23,21    6,59    0,00   69,34

Device            r/s     rkB/s   rrqm/s  %rrqm r_await rareq-sz     w/s     wkB/s   wrqm/s  %wrqm w_await wareq-sz     d/s     dkB/s   drqm/s  %drqm d_await dareq-sz     f/s f_await  aqu-sz  %util
loop0            0,00      0,00     0,00   0,00    0,00     0,00    0,00      0,00     0,00   0,00    0,00     0,00    0,00      0,00     0,00   0,00    0,00     0,00    0,00    0,00    0,00   0,00
loop1            0,00      0,00     0,00   0,00    0,00     0,00    0,00      0,00     0,00   0,00    0,00     0,00    0,00      0,00     0,00   0,00    0,00     0,00    0,00    0,00    0,00   0,00
loop10           0,00      0,00     0,00   0,00    0,00     0,00    0,00      0,00     0,00   0,00    0,00     0,00    0,00      0,00     0,00   0,00    0,00     0,00    0,00    0,00    0,00   0,00
loop11           0,00      0,00     0,00   0,00    0,00     0,00    0,00      0,00     0,00   0,00    0,00     0,00    0,00      0,00     0,00   0,00    0,00     0,00    0,00    0,00    0,00   0,00
loop12           0,00      0,00     0,00   0,00    0,00     0,00    0,00      0,00     0,00   0,00    0,00     0,00    0,00      0,00     0,00   0,00    0,00     0,00    0,00    0,00    0,00   0,00
loop13           0,00      0,00     0,00   0,00    0,00     0,00    0,00      0,00     0,00   0,00    0,00     0,00    0,00      0,00     0,00   0,00    0,00     0,00    0,00    0,00    0,00   0,00
loop14           0,00      0,00     0,00   0,00    0,00     0,00    0,00      0,00     0,00   0,00    0,00     0,00    0,00      0,00     0,00   0,00    0,00     0,00    0,00    0,00    0,00   0,00
loop15           0,00      0,00     0,00   0,00    0,00     0,00    0,00      0,00     0,00   0,00    0,00     0,00    0,00      0,00     0,00   0,00    0,00     0,00    0,00    0,00    0,00   0,00
loop16           0,00      0,00     0,00   0,00    0,00     0,00    0,00      0,00     0,00   0,00    0,00     0,00    0,00      0,00     0,00   0,00    0,00     0,00    0,00    0,00    0,00   0,00
loop17           0,00      0,00     0,00   0,00    0,00     0,00    0,00      0,00     0,00   0,00    0,00     0,00    0,00      0,00     0,00   0,00    0,00     0,00    0,00    0,00    0,00   0,00
loop2            0,00      0,00     0,00   0,00    0,00     0,00    0,00      0,00     0,00   0,00    0,00     0,00    0,00      0,00     0,00   0,00    0,00     0,00    0,00    0,00    0,00   0,00
loop3            0,00      0,00     0,00   0,00    0,00     0,00    0,00      0,00     0,00   0,00    0,00     0,00    0,00      0,00     0,00   0,00    0,00     0,00    0,00    0,00    0,00   0,00
loop4            0,00      0,00     0,00   0,00    0,00     0,00    0,00      0,00     0,00   0,00    0,00     0,00    0,00      0,00     0,00   0,00    0,00     0,00    0,00    0,00    0,00   0,00
loop5            0,00      0,00     0,00   0,00    0,00     0,00    0,00      0,00     0,00   0,00    0,00     0,00    0,00      0,00     0,00   0,00    0,00     0,00    0,00    0,00    0,00   0,00
loop6            0,00      0,00     0,00   0,00    0,00     0,00    0,00      0,00     0,00   0,00    0,00     0,00    0,00      0,00     0,00   0,00    0,00     0,00    0,00    0,00    0,00   0,00
loop7            0,00      0,00     0,00   0,00    0,00     0,00    0,00      0,00     0,00   0,00    0,00     0,00    0,00      0,00     0,00   0,00    0,00     0,00    0,00    0,00    0,00   0,00
loop8            0,00      0,00     0,00   0,00    0,00     0,00    0,00      0,00     0,00   0,00    0,00     0,00    0,00      0,00     0,00   0,00    0,00     0,00    0,00    0,00    0,00   0,00
loop9            0,00      0,00     0,00   0,00    0,00     0,00    0,00      0,00     0,00   0,00    0,00     0,00    0,00      0,00     0,00   0,00    0,00     0,00    0,00    0,00    0,00   0,00
sda           1197,00 1141756,00     0,00   0,00    1,28   953,85    1,00     52,00    12,00  92,31    2,00    52,00    0,00      0,00     0,00   0,00    0,00     0,00    0,00    0,00    1,53  67,20
sr0              0,00      0,00     0,00   0,00    0,00     0,00    0,00      0,00     0,00   0,00    0,00     0,00    0,00      0,00     0,00   0,00    0,00     0,00    0,00    0,00    0,00   0,00

