write(4096 B buf): 100.00 MB in 13.109 s (7.63 MB/s), ~25600 write() calls
% time     seconds  usecs/call     calls    errors syscall
------ ----------- ----------- --------- --------- ----------------
 98,29    2,328153          90     25601           write
  1,68    0,039800       39800         1           fsync
  0,01    0,000129          43         3           openat
  0,01    0,000127          42         3           close
  0,00    0,000089          29         3           brk
  0,00    0,000078          26         3           fstat
  0,00    0,000056          56         1         1 unlink
  0,00    0,000055          18         3           mprotect
  0,00    0,000054          54         1           munmap
  0,00    0,000053          53         1           getrandom
  0,00    0,000040          40         1           prlimit64
  0,00    0,000000           0         1           read
  0,00    0,000000           0         8           mmap
  0,00    0,000000           0         2           pread64
  0,00    0,000000           0         1         1 access
  0,00    0,000000           0         1           execve
  0,00    0,000000           0         1           arch_prctl
  0,00    0,000000           0         1           set_tid_address
  0,00    0,000000           0         1           set_robust_list
  0,00    0,000000           0         1           rseq
------ ----------- ----------- --------- --------- ----------------
100,00    2,368634          92     25638         2 total
